((("Pages" .
   [2 0 0 0 0])
  ("pages" .
   [3 0 0 0 0])
  ("sites" .
   [1 0 0 0 0])
  ("Sites" .
   [1 0 0 0 0])
  ("Scheme" .
   [0 2 0 0 0 0])
  ("b" .
   [2])
  ("base" .
   [1 0 0 0])
  ("siteURL" .
   [1 0 0 0 0 0 0])
  ("P" .
   [1])
  ("Interactive" .
   [0 0 0 0 0 1 0 0 0 0 0])
  ("web-mode" .
   [1 0 0 0 0 0 0 0])
  ("require" .
   [1 0 0 0 0 0 0])
  ("class" .
   [16 0 0 0 0])
  ("script" .
   [1 0 0 0 0 0])
  ("testing" .
   [1 0 0 0 0 0 0])
  ("a" .
   [1])
  ("host" .
   [2 0 0 0])
  ("true" .
   [3 0 0 0])
  ("ok" .
   [2 0])
  ("false" .
   [1 0 0 0 0])
  ("fmt" .
   [5 0 0])
  ("Println" .
   [6 0 0 0 0 0 0])
  ("p" .
   [6])
  ("Print" .
   [1 0 0 0 0])
  ("colly" .
   [4 0 0 0 0])
  ("Request" .
   [3 0 0 0 0 0 0])
  ("URL" .
   [8 0 0])
  ("doScrapped" .
   [0 0 0 0 0 0 1 0 0 0])
  ("Response" .
   [3 0 0 0 0 0 0 0])
  ("doHTML" .
   [1 0 0 0 0 0])
  ("url" .
   [3 0 0])
  ("urlstr" .
   [5 0 0 0 0 0])
  ("Printf" .
   [2 0 0 0 0 0])
  ("Parse" .
   [2 0 0 0 0])
  ("err" .
   [8 0 0])
  ("error" .
   [1 0 0 0 0])
  ("doResponse" .
   [1 0 0 0 0 0 0 0 0 0])
  ("baseURL" .
   [1 0 0 0 0 0 0])
  ("Hostname" .
   [2 0 0 0 0 0 0 0])
  ("errPanic" .
   [1 0 0 0 0 0 0 0])
  ("Host" .
   [3 0 0 0])
  ("ListStores" .
   [1 0 0 0 0 0 0 0 0 0])
  ("string" .
   [4 0 0 0 0 0])
  ("path" .
   [2 0 0 0])
  ("List" .
   [1 0 0 0])
  ("storage" .
   [1 0 0 0 0 0 0])
  ("addr" .
   [1 0 0 0])
  ("Warningln" .
   [0 0 0 1 0 0 0 0 0])
  ("Fprintf" .
   [1 0 0 0 0 0 0])
  ("st" .
   [2 0])
  ("UseFileStore" .
   [0 0 0 1 0 0 0 0 0 0 0 0])
  ("name" .
   [3 0 0 0])
  ("bool" .
   [5 0 0 0])
  ("nil" .
   [2 0 0])
  ("Basepath" .
   [1 0 0 0 0 0 0 0])
  ("Error" .
   [1 0 0 0 0])
  ("Infoln" .
   [4 0 0 0 0 0])
  ("log" .
   [1 0 0])
  ("Infof" .
   [2 0 0 0 0])
  ("done" .
   [6 0 0 0])
  ("d" .
   [2])
  ("make" .
   [2 0 0 0])
  ("doneChan" .
   [4 0 0 0 0 0 0 0])
  ("cas" .
   [2 0 0])
  ("ReqTime" .
   [2 0 0 0 0 0 0])
  ("Now" .
   [2 0 0])
  ("RespTime" .
   [1 0 0 0 0 0 0 0])
  ("urlstrs" .
   [3 0 0 0 0 0 0])
  ("append" .
   [1 0 0 0 0 0])
  ("len" .
   [1 0 0])
  ("u" .
   [4])
  ("scrubURL" .
   [0 0 0 0 0 1 0 0])
  ("page" .
   [3 0 0 0])
  ("pageChan" .
   [4 0 0 0 0 0 0 0])
  ("Page" .
   [3 0 0 0])
  ("Pager" .
   [1 0 0 0 0])
  ("Walk" .
   [1 0 0 0])
  ("String" .
   [1 0 0 0 0 0])
  ("setq" .
   [1 0 0 0])
  ("user-mail-address" .
   [1 0 0 0 0 0 0 0 0 0 0 0 0 0 0 0 0])
  ("div" .
   [19 0 0])
  ("container" .
   [1 0 0 0 0 0 0 0 0])
  ("row" .
   [3 0 0])
  ("col" .
   [7 0 0])
  ("col-3" .
   [4 0 0 0 0])
  ("align-middle" .
   [2 0 0 0 0 1 0 0 0 0 0 0])
  ("text-right" .
   [3 0 0 0 0 0 0 0 0 0])
  ("h2" .
   [2 0])
  ("phone" .
   [1 0 0 0 0])
  ("rusty" .
   [1 0 0 0 0])
  ("rustyeddy" .
   [1 0 0 0 0 0 0 0 0])
  ("com" .
   [1 0 0])
  ("font-weight" .
   [0 0 0 0 0 0 0 0 1 0 0])
  ("span" .
   [2 0 0 0])
  ("h6" .
   [4 0])
  ("text-center" .
   [1 0 0 0 0 0 0 0 0 0 0])
  ("Title" .
   [1 0 0 0 0])
  ("col-2" .
   [2 0 0 0 0])
  ("col-8" .
   [1 0 0 0 0])
  ("h5" .
   [6 0])
  ("col-4" .
   [1 0 0 0 0])
  ("h4" .
   [6 0])
  ("m-0" .
   [1 0 0])
  ("p-0" .
   [2 0 0])
  ("col-7" .
   [1 0 0 0 0])
  ("h3" .
   [2 0])
  ("mb-1" .
   [1 0 0 0])
  ("mb-0" .
   [1 0 0 0])))
